# fit P(x) filename u 1:2 via a, alpha, b, beta
# final sum of squares of residuals : 0.00269387
a               = 1.09284168370462      
alpha           = 0.00746144908180598   
b               = 1.10779661427056      
beta            = 0.951852612806048     
