# fit P(x) filename u 1:2 via a, alpha, b, beta
# final sum of squares of residuals : 0.00857595
a               = 15.1006086183767      
alpha           = 2.64105613464059      
b               = 2.91701435344808      
beta            = 1.29709590113749      
