# fit P(x) filename u 1:2 via a, alpha, b, beta
# final sum of squares of residuals : 0.0130957
a               = 3.09471963529003      
alpha           = 1.9822290131354       
b               = 1.22736308279896      
beta            = 2.02722180418865      
