# fit P(x) filename u 1:2 via a, alpha, b, beta
# final sum of squares of residuals : 0.0097076
a               = 3.3725065530475       
alpha           = 2.01297290248891      
b               = 1.31957406805308      
beta            = 1.95512430418834      
