# fit P(x) filename u 1:2 via a, alpha, b, beta
# final sum of squares of residuals : 0.00612364
a               = 3.55465893248835      
alpha           = 2.04502950580663      
b               = 1.37514437575859      
beta            = 1.91352917163827      
