# fit P(x) filename u 1:2 via a, alpha, b, beta
# final sum of squares of residuals : 0.00558804
a               = 5.56043930175703      
alpha           = 2.2651640600495       
b               = 1.86158256106572      
beta            = 1.62854402830895      
